[467   0]
[467   1]
[466   2]
[466   3]
[466   4]
[465   5]
[465   6]
[465   7]
[464   8]
[464   9]
[464  10]
[464  11]
[463  12]
[463  13]
[463  14]
[462  15]
[462  16]
[462  17]
[461  18]
[461  19]
[461  20]
[460  21]
[460  22]
[460  23]
[459  24]
[459  25]
[459  26]
[459  27]
[458  28]
[458  29]
[458  30]
[457  31]
[457  32]
[457  33]
[456  34]
[456  35]
[456  36]
[455  37]
[455  38]
[455  39]
[455  40]
[454  41]
[454  42]
[454  43]
[453  44]
[453  45]
[453  46]
[452  47]
[452  48]
[452  49]
[451  50]
[451  51]
[451  52]
[451  53]
[450  54]
[450  55]
[450  56]
[449  57]
[449  58]
[449  59]
[448  60]
[448  61]
[448  62]
[448  63]
[447  64]
[447  65]
[447  66]
[446  67]
[446  68]
[446  69]
[445  70]
[445  71]
[445  72]
[444  73]
[444  74]
[444  75]
[444  76]
[443  77]
[443  78]
[443  79]
[442  80]
[442  81]
[442  82]
[441  83]
[441  84]
[441  85]
[441  86]
[440  87]
[440  88]
[440  89]
[439  90]
[439  91]
[439  92]
[439  93]
[438  94]
[438  95]
[438  96]
[437  97]
[437  98]
[437  99]
[436 100]
[436 101]
[436 102]
[436 103]
[435 104]
[435 105]
[435 106]
[434 107]
[434 108]
[434 109]
[434 110]
[433 111]
[433 112]
[433 113]
[432 114]
[432 115]
[432 116]
[431 117]
[431 118]
[431 119]
[431 120]
[430 121]
[430 122]
[430 123]
[429 124]
[429 125]
[429 126]
[429 127]
[428 128]
[428 129]
[428 130]
[427 131]
[427 132]
[427 133]
[427 134]
[426 135]
[426 136]
[426 137]
[425 138]
[425 139]
[425 140]
[425 141]
[424 142]
[424 143]
[424 144]
[423 145]
[423 146]
[423 147]
[423 148]
[422 149]
[422 150]
[422 151]
[421 152]
[421 153]
[421 154]
[421 155]
[420 156]
[420 157]
[420 158]
[419 159]
[419 160]
[419 161]
[419 162]
[418 163]
[418 164]
[418 165]
[417 166]
[417 167]
[417 168]
[417 169]
[416 170]
[416 171]
[416 172]
[416 173]
[415 174]
[415 175]
[415 176]
[414 177]
[414 178]
[414 179]
[414 180]
[413 181]
[413 182]
[413 183]
[412 184]
[412 185]
[412 186]
[412 187]
[411 188]
[411 189]
[411 190]
[411 191]
[410 192]
[410 193]
[410 194]
[409 195]
[409 196]
[409 197]
[409 198]
[408 199]
[408 200]
[408 201]
[408 202]
[407 203]
[407 204]
[407 205]
[406 206]
[406 207]
[406 208]
[406 209]
[405 210]
[405 211]
[405 212]
[405 213]
[404 214]
[404 215]
[404 216]
[403 217]
[403 218]
[403 219]
[403 220]
[402 221]
[402 222]
[402 223]
[402 224]
[401 225]
[401 226]
[401 227]
[401 228]
[400 229]
[400 230]
[400 231]
[399 232]
[399 233]
[399 234]
[399 235]
[398 236]
[398 237]
[398 238]
[398 239]
[397 240]
[397 241]
[397 242]
[397 243]
[396 244]
[396 245]
[396 246]
[396 247]
[395 248]
[395 249]
[395 250]
[394 251]
[394 252]
[394 253]
[394 254]
[393 255]
[393 256]
[393 257]
[393 258]
[392 259]
[392 260]
[392 261]
[392 262]
[391 263]
[391 264]
[391 265]
[391 266]
[390 267]
[390 268]
[390 269]
[390 270]
[389 271]
[389 272]
[389 273]
[389 274]
[388 275]
[388 276]
[388 277]
[387 278]
[387 279]
[387 280]
[387 281]
[386 282]
[386 283]
[386 284]
[386 285]
[385 286]
[385 287]
[385 288]
[385 289]
[384 290]
[384 291]
[384 292]
[384 293]
[383 294]
[383 295]
[383 296]
[383 297]
[382 298]
[382 299]
[382 300]
[382 301]
[381 302]
[381 303]
[381 304]
[381 305]
[380 306]
[380 307]
[380 308]
[380 309]
[379 310]
[379 311]
[379 312]
[379 313]
[378 314]
[378 315]
[378 316]
[378 317]
[377 318]
[377 319]
[377 320]
[377 321]
[376 322]
[376 323]
[376 324]
[376 325]
[375 326]
[375 327]
[375 328]
[375 329]
[374 330]
[374 331]
[374 332]
[374 333]
[374 334]
[373 335]
[373 336]
[373 337]
[373 338]
[372 339]
[372 340]
[372 341]
[372 342]
[371 343]
[371 344]
[371 345]
[371 346]
[370 347]
[370 348]
[370 349]
[370 350]
[369 351]
[369 352]
[369 353]
[369 354]
[368 355]
[368 356]
[368 357]
[368 358]
[368 359]
[367 360]
[367 361]
[367 362]
[367 363]
[366 364]
[366 365]
[366 366]
[366 367]
[365 368]
[365 369]
[365 370]
[365 371]
[364 372]
[364 373]
[364 374]
[364 375]
[364 376]
[363 377]
[363 378]
[363 379]
[363 380]
[362 381]
[362 382]
[362 383]
[362 384]
[361 385]
[361 386]
[361 387]
[361 388]
[360 389]
[360 390]
[360 391]
[360 392]
[360 393]
[359 394]
[359 395]
[359 396]
[359 397]
[358 398]
[358 399]
[358 400]
[358 401]
[357 402]
[357 403]
[357 404]
[357 405]
[357 406]
[356 407]
[356 408]
[356 409]
[356 410]
[355 411]
[355 412]
[355 413]
[355 414]
[355 415]
[354 416]
[354 417]
[354 418]
[354 419]
[353 420]
[353 421]
[353 422]
[353 423]
[353 424]
[352 425]
[352 426]
[352 427]
[352 428]
[351 429]
[351 430]
[351 431]
[351 432]
[351 433]
[350 434]
[350 435]
[350 436]
[350 437]
[349 438]
[349 439]
[349 440]
[349 441]
[349 442]
[348 443]
[348 444]
[348 445]
[348 446]
[347 447]
[347 448]
[347 449]
[347 450]
[347 451]
[346 452]
[346 453]
[346 454]
[346 455]
[345 456]
[345 457]
[345 458]
[345 459]
[345 460]
[344 461]
[344 462]
[344 463]
[344 464]
[344 465]
[343 466]
[343 467]
[343 468]
[343 469]
[342 470]
[342 471]
[342 472]
[342 473]
[342 474]
[341 475]
[341 476]
[341 477]
[341 478]
[341 479]
[340 480]
[340 481]
[340 482]
[340 483]
[340 484]
[339 485]
[339 486]
[339 487]
[339 488]
[338 489]
[338 490]
[338 491]
[338 492]
[338 493]
[337 494]
[337 495]
[337 496]
[337 497]
[337 498]
[336 499]
[336 500]
[336 501]
[336 502]
[336 503]
[335 504]
[335 505]
[335 506]
[335 507]
[335 508]
[334 509]
[334 510]
[334 511]
[334 512]
[333 513]
[333 514]
[333 515]
[333 516]
[333 517]
[332 518]
[332 519]
[332 520]
[332 521]
[332 522]
[331 523]
[331 524]
[331 525]
[331 526]
[331 527]
[330 528]
[330 529]
[330 530]
[330 531]
[330 532]
[329 533]
[329 534]
[329 535]
[329 536]
[329 537]
[328 538]
[328 539]
[328 540]
[328 541]
[328 542]
[327 543]
[327 544]
[327 545]
[327 546]
[327 547]
[326 548]
[326 549]
[326 550]
[326 551]
[326 552]
[326 553]
[325 554]
[325 555]
[325 556]
[325 557]
[325 558]
[324 559]
[324 560]
[324 561]
[324 562]
[324 563]
[323 564]
[323 565]
[323 566]
[323 567]
[323 568]
[322 569]
[322 570]
[322 571]
[322 572]
[322 573]
[321 574]
[321 575]
[321 576]
[321 577]
[321 578]
[321 579]
[320 580]
[320 581]
[320 582]
[320 583]
[320 584]
[319 585]
[319 586]
[319 587]
[319 588]
[319 589]
[318 590]
[318 591]
[318 592]
[318 593]
[318 594]
[318 595]
[317 596]
[317 597]
[317 598]
[317 599]
[317 600]
[316 601]
[316 602]
[316 603]
[316 604]
[316 605]
[315 606]
[315 607]
[315 608]
[315 609]
[315 610]
[315 611]
[314 612]
[314 613]
[314 614]
[314 615]
[314 616]
[313 617]
[313 618]
[313 619]
[313 620]
[313 621]
[313 622]
[312 623]
[312 624]
[312 625]
[312 626]
[312 627]
[311 628]
[311 629]
[311 630]
[311 631]
[311 632]
[311 633]
[310 634]
[310 635]
[310 636]
[310 637]
[310 638]
[310 639]
[309 640]
[309 641]
[309 642]
[309 643]
[309 644]
[308 645]
[308 646]
[308 647]
[308 648]
[308 649]
[308 650]
[307 651]
[307 652]
[307 653]
[307 654]
[307 655]
[307 656]
[306 657]
[306 658]
[306 659]
[306 660]
[306 661]
[306 662]
[305 663]
[305 664]
[305 665]
[305 666]
[305 667]
[305 668]
[304 669]
[304 670]
[304 671]
[304 672]
[304 673]
[304 674]
[303 675]
[303 676]
[303 677]
[303 678]
[303 679]
[302 680]
[302 681]
[302 682]
[302 683]
[302 684]
[302 685]
[301 686]
[301 687]
[301 688]
[301 689]
[301 690]
[301 691]
[301 692]
[300 693]
[300 694]
[300 695]
[300 696]
[300 697]
[300 698]
[299 699]
[299 700]
[299 701]
[299 702]
[299 703]
[299 704]
[298 705]
[298 706]
[298 707]
[298 708]
[298 709]
[298 710]
[297 711]
[297 712]
[297 713]
[297 714]
[297 715]
[297 716]
[296 717]
[296 718]
[296 719]
[890 719]
[889 718]
[888 717]
[888 716]
[887 715]
[886 714]
[886 713]
[885 712]
[884 711]
[884 710]
[883 709]
[882 708]
[882 707]
[881 706]
[880 705]
[880 704]
[879 703]
[878 702]
[878 701]
[877 700]
[876 699]
[876 698]
[875 697]
[874 696]
[874 695]
[873 694]
[873 693]
[872 692]
[871 691]
[871 690]
[870 689]
[869 688]
[869 687]
[868 686]
[868 685]
[867 684]
[866 683]
[866 682]
[865 681]
[864 680]
[864 679]
[863 678]
[863 677]
[862 676]
[861 675]
[861 674]
[860 673]
[860 672]
[859 671]
[859 670]
[858 669]
[857 668]
[857 667]
[856 666]
[856 665]
[855 664]
[854 663]
[854 662]
[853 661]
[853 660]
[852 659]
[852 658]
[851 657]
[851 656]
[850 655]
[849 654]
[849 653]
[848 652]
[848 651]
[847 650]
[847 649]
[846 648]
[846 647]
[845 646]
[845 645]
[844 644]
[844 643]
[843 642]
[842 641]
[842 640]
[841 639]
[841 638]
[840 637]
[840 636]
[839 635]
[839 634]
[838 633]
[838 632]
[837 631]
[837 630]
[836 629]
[836 628]
[835 627]
[835 626]
[834 625]
[834 624]
[833 623]
[833 622]
[832 621]
[832 620]
[831 619]
[831 618]
[830 617]
[830 616]
[830 615]
[829 614]
[829 613]
[828 612]
[828 611]
[827 610]
[827 609]
[826 608]
[826 607]
[825 606]
[825 605]
[824 604]
[824 603]
[824 602]
[823 601]
[823 600]
[822 599]
[822 598]
[821 597]
[821 596]
[821 595]
[820 594]
[820 593]
[819 592]
[819 591]
[818 590]
[818 589]
[818 588]
[817 587]
[817 586]
[816 585]
[816 584]
[816 583]
[815 582]
[815 581]
[814 580]
[814 579]
[814 578]
[813 577]
[813 576]
[812 575]
[812 574]
[812 573]
[811 572]
[811 571]
[810 570]
[810 569]
[810 568]
[809 567]
[809 566]
[809 565]
[808 564]
[808 563]
[808 562]
[807 561]
[807 560]
[806 559]
[806 558]
[806 557]
[805 556]
[805 555]
[805 554]
[804 553]
[804 552]
[804 551]
[803 550]
[803 549]
[803 548]
[802 547]
[802 546]
[802 545]
[801 544]
[801 543]
[801 542]
[800 541]
[800 540]
[800 539]
[800 538]
[799 537]
[799 536]
[799 535]
[798 534]
[798 533]
[798 532]
[797 531]
[797 530]
[797 529]
[797 528]
[796 527]
[796 526]
[796 525]
[795 524]
[795 523]
[795 522]
[795 521]
[794 520]
[794 519]
[794 518]
[794 517]
[793 516]
[793 515]
[793 514]
[792 513]
[792 512]
[792 511]
[792 510]
[791 509]
[791 508]
[791 507]
[791 506]
[790 505]
[790 504]
[790 503]
[790 502]
[790 501]
[789 500]
[789 499]
[789 498]
[789 497]
[788 496]
[788 495]
[788 494]
[788 493]
[788 492]
[787 491]
[787 490]
[787 489]
[787 488]
[787 487]
[786 486]
[786 485]
[786 484]
[786 483]
[786 482]
[785 481]
[785 480]
[785 479]
[785 478]
[785 477]
[784 476]
[784 475]
[784 474]
[784 473]
[784 472]
[784 471]
[783 470]
[783 469]
[783 468]
[783 467]
[783 466]
[783 465]
[782 464]
[782 463]
[782 462]
[782 461]
[782 460]
[782 459]
[782 458]
[781 457]
[781 456]
[781 455]
[781 454]
[781 453]
[781 452]
[781 451]
[780 450]
[780 449]
[780 448]
[780 447]
[780 446]
[780 445]
[780 444]
[780 443]
[780 442]
[779 441]
[779 440]
[779 439]
[779 438]
[779 437]
[779 436]
[779 435]
[779 434]
[779 433]
[779 432]
[778 431]
[778 430]
[778 429]
[778 428]
[778 427]
[778 426]
[778 425]
[778 424]
[778 423]
[778 422]
[778 421]
[778 420]
[778 419]
[778 418]
[777 417]
[777 416]
[777 415]
[777 414]
[777 413]
[777 412]
[777 411]
[777 410]
[777 409]
[777 408]
[777 407]
[777 406]
[777 405]
[777 404]
[777 403]
[777 402]
[777 401]
[777 400]
[777 399]
[777 398]
[777 397]
[777 396]
[777 395]
[777 394]
[777 393]
[777 392]
[777 391]
[777 390]
[777 389]
[777 388]
[777 387]
[777 386]
[777 385]
[777 384]
[777 383]
[777 382]
[777 381]
[777 380]
[777 379]
[777 378]
[777 377]
[777 376]
[777 375]
[777 374]
[777 373]
[777 372]
[777 371]
[777 370]
[777 369]
[777 368]
[777 367]
[777 366]
[777 365]
[777 364]
[777 363]
[778 362]
[778 361]
[778 360]
[778 359]
[778 358]
[778 357]
[778 356]
[778 355]
[778 354]
[778 353]
[778 352]
[778 351]
[778 350]
[779 349]
[779 348]
[779 347]
[779 346]
[779 345]
[779 344]
[779 343]
[779 342]
[779 341]
[779 340]
[779 339]
[780 338]
[780 337]
[780 336]
[780 335]
[780 334]
[780 333]
[780 332]
[780 331]
[781 330]
[781 329]
[781 328]
[781 327]
[781 326]
[781 325]
[781 324]
[781 323]
[782 322]
[782 321]
[782 320]
[782 319]
[782 318]
[782 317]
[782 316]
[783 315]
[783 314]
[783 313]
[783 312]
[783 311]
[783 310]
[784 309]
[784 308]
[784 307]
[784 306]
[784 305]
[785 304]
[785 303]
[785 302]
[785 301]
[785 300]
[785 299]
[786 298]
[786 297]
[786 296]
[786 295]
[786 294]
[787 293]
[787 292]
[787 291]
[787 290]
[787 289]
[788 288]
[788 287]
[788 286]
[788 285]
[789 284]
[789 283]
[789 282]
[789 281]
[789 280]
[790 279]
[790 278]
[790 277]
[790 276]
[791 275]
[791 274]
[791 273]
[791 272]
[792 271]
[792 270]
[792 269]
[792 268]
[793 267]
[793 266]
[793 265]
[793 264]
[794 263]
[794 262]
[794 261]
[794 260]
[795 259]
[795 258]
[795 257]
[796 256]
[796 255]
[796 254]
[796 253]
[797 252]
[797 251]
[797 250]
[798 249]
[798 248]
[798 247]
[798 246]
[799 245]
[799 244]
[799 243]
[800 242]
[800 241]
[800 240]
[801 239]
[801 238]
[801 237]
[802 236]
[802 235]
[802 234]
[803 233]
[803 232]
[803 231]
[804 230]
[804 229]
[804 228]
[805 227]
[805 226]
[805 225]
[806 224]
[806 223]
[806 222]
[807 221]
[807 220]
[807 219]
[808 218]
[808 217]
[808 216]
[809 215]
[809 214]
[810 213]
[810 212]
[810 211]
[811 210]
[811 209]
[811 208]
[812 207]
[812 206]
[813 205]
[813 204]
[813 203]
[814 202]
[814 201]
[815 200]
[815 199]
[815 198]
[816 197]
[816 196]
[817 195]
[817 194]
[817 193]
[818 192]
[818 191]
[819 190]
[819 189]
[820 188]
[820 187]
[820 186]
[821 185]
[821 184]
[822 183]
[822 182]
[823 181]
[823 180]
[823 179]
[824 178]
[824 177]
[825 176]
[825 175]
[826 174]
[826 173]
[827 172]
[827 171]
[827 170]
[828 169]
[828 168]
[829 167]
[829 166]
[830 165]
[830 164]
[831 163]
[831 162]
[832 161]
[832 160]
[833 159]
[833 158]
[834 157]
[834 156]
[835 155]
[835 154]
[836 153]
[836 152]
[837 151]
[837 150]
[838 149]
[838 148]
[839 147]
[839 146]
[840 145]
[840 144]
[841 143]
[841 142]
[842 141]
[842 140]
[843 139]
[843 138]
[844 137]
[844 136]
[845 135]
[845 134]
[846 133]
[846 132]
[847 131]
[848 130]
[848 129]
[849 128]
[849 127]
[850 126]
[850 125]
[851 124]
[851 123]
[852 122]
[853 121]
[853 120]
[854 119]
[854 118]
[855 117]
[855 116]
[856 115]
[857 114]
[857 113]
[858 112]
[858 111]
[859 110]
[859 109]
[860 108]
[861 107]
[861 106]
[862 105]
[862 104]
[863 103]
[864 102]
[864 101]
[865 100]
[865  99]
[866  98]
[867  97]
[867  96]
[868  95]
[869  94]
[869  93]
[870  92]
[870  91]
[871  90]
[872  89]
[872  88]
[873  87]
[874  86]
[874  85]
[875  84]
[875  83]
[876  82]
[877  81]
[877  80]
[878  79]
[879  78]
[879  77]
[880  76]
[881  75]
[881  74]
[882  73]
[883  72]
[883  71]
[884  70]
[885  69]
[885  68]
[886  67]
[887  66]
[887  65]
[888  64]
[889  63]
[889  62]
[890  61]
[891  60]
[891  59]
[892  58]
[893  57]
[894  56]
[894  55]
[895  54]
[896  53]
[896  52]
[897  51]
[898  50]
[899  49]
[899  48]
[900  47]
[901  46]
[901  45]
[902  44]
[903  43]
[904  42]
[904  41]
[905  40]
[906  39]
[906  38]
[907  37]
[908  36]
[909  35]
[909  34]
[910  33]
[911  32]
[912  31]
[912  30]
[913  29]
[914  28]
[915  27]
[915  26]
[916  25]
[917  24]
[918  23]
[919  22]
[919  21]
[920  20]
[921  19]
[922  18]
[922  17]
[923  16]
[924  15]
[925  14]
[926  13]
[926  12]
[927  11]
[928  10]
[929   9]
[930   8]
[930   7]
[931   6]
[932   5]
[933   4]
[934   3]
[934   2]
[935   1]
[936   0]
